0.005000 0.000000
0.005000 0.000000
0.005000 0.000000
0.005000 0.000000
0.005000 0.000000
0.005000 0.000000
0.005000 0.000000
0.005000 0.000000
0.005000 0.000000
0.005000 0.000000
0.010000 0.000000
0.010000 0.000000
0.010000 0.000000
0.010000 0.000000
0.015000 0.000000
0.015000 0.000000
0.015000 0.000000
0.015000 0.000000
0.020000 0.000000
0.020000 0.000000
0.020000 0.000000
0.020000 0.000000
0.025000 0.000000
0.025000 0.000000
0.025000 0.000000
0.025000 0.001100
0.030000 0.000000
0.030000 0.000000
0.030000 0.000000
0.030000 0.000400
0.035000 0.000000
0.035000 0.000000
0.035000 0.000000
0.035000 0.001200
0.040000 0.000000
0.040000 0.000000
0.040000 0.000000
0.040000 0.001200
0.045000 0.000000
0.045000 0.000000
0.045000 0.000000
0.045000 0.000500
0.050000 0.000000
0.050000 0.000000
0.050000 0.004000
0.050000 0.002000
0.055000 0.000000
0.055000 0.000000
0.055000 0.000000
0.055000 0.001900
0.060000 0.000000
0.060000 0.000000
0.060000 0.000000
0.060000 0.004500
0.065000 0.000000
0.065000 0.000000
0.065000 0.008000
0.065000 0.004200
0.070000 0.000000
0.070000 0.000000
0.070000 0.003000
0.070000 0.009500
0.075000 0.000000
0.075000 0.020000
0.075000 0.006000
0.075000 0.012300
0.080000 0.000000
0.080000 0.000000
0.080000 0.007000
0.080000 0.010600
0.085000 0.000000
0.085000 0.000000
0.085000 0.005000
0.085000 0.013900
0.090000 0.300000
0.090000 0.000000
0.090000 0.019000
0.090000 0.014500
0.095000 0.000000
0.095000 0.040000
0.095000 0.026000
0.095000 0.016500
0.100000 0.000000
0.100000 0.050000
0.100000 0.026000
0.100000 0.027900
0.105000 0.000000
0.105000 0.040000
0.105000 0.031000
0.105000 0.028300
0.110000 0.000000
0.110000 0.030000
0.110000 0.032000
0.110000 0.035400
0.115000 0.000000
0.115000 0.060000
0.115000 0.043000
0.115000 0.036500
0.120000 0.300000
0.120000 0.000000
0.120000 0.021000
0.120000 0.050900
0.125000 0.000000
0.125000 0.030000
0.125000 0.051000
0.125000 0.045100
0.130000 0.000000
0.130000 0.090000
0.130000 0.085000
0.130000 0.058100
0.135000 0.300000
0.135000 0.120000
0.135000 0.081000
0.135000 0.074000
0.140000 0.000000
0.140000 0.050000
0.140000 0.065000
0.140000 0.083000
0.145000 0.400000
0.145000 0.130000
0.145000 0.095000
0.145000 0.087900
0.150000 0.000000
0.150000 0.130000
0.150000 0.098000
0.150000 0.091700
0.155000 0.000000
0.155000 0.090000
0.155000 0.091000
0.155000 0.101100
0.160000 0.400000
0.160000 0.160000
0.160000 0.093000
0.160000 0.106100
0.165000 0.000000
0.165000 0.160000
0.165000 0.136000
0.165000 0.135800
0.170000 0.500000
0.170000 0.210000
0.170000 0.160000
0.170000 0.141700
0.175000 0.000000
0.175000 0.190000
0.175000 0.119000
0.175000 0.144100
0.180000 0.000000
0.180000 0.100000
0.180000 0.186000
0.180000 0.162800
0.185000 0.400000
0.185000 0.160000
0.185000 0.138000
0.185000 0.161000
0.190000 0.200000
0.190000 0.150000
0.190000 0.174000
0.190000 0.170100
0.195000 0.300000
0.195000 0.320000
0.195000 0.208000
0.195000 0.189000
0.200000 0.000000
0.200000 0.150000
0.200000 0.187000
0.200000 0.195300
0.205000 0.400000
0.205000 0.190000
0.205000 0.210000
0.205000 0.195700
0.210000 0.200000
0.210000 0.290000
0.210000 0.210000
0.210000 0.223000
0.215000 0.600000
0.215000 0.210000
0.215000 0.198000
0.215000 0.215500
0.220000 0.000000
0.220000 0.180000
0.220000 0.262000
0.220000 0.234600
0.225000 0.300000
0.225000 0.310000
0.225000 0.268000
0.225000 0.240100
0.230000 0.400000
0.230000 0.300000
0.230000 0.217000
0.230000 0.238500
0.235000 0.400000
0.235000 0.220000
0.235000 0.231000
0.235000 0.256900
0.240000 0.000000
0.240000 0.250000
0.240000 0.281000
0.240000 0.271400
0.245000 0.200000
0.245000 0.300000
0.245000 0.265000
0.245000 0.272000
0.250000 0.300000
0.250000 0.220000
0.250000 0.308000
0.250000 0.279600
0.255000 0.100000
0.255000 0.390000
0.255000 0.277000
0.255000 0.291100
0.260000 0.300000
0.260000 0.380000
0.260000 0.316000
0.260000 0.296600
0.265000 0.200000
0.265000 0.310000
0.265000 0.295000
0.265000 0.292400
0.270000 0.000000
0.270000 0.170000
0.270000 0.348000
0.270000 0.316300
0.275000 0.500000
0.275000 0.250000
0.275000 0.326000
0.275000 0.313800
0.280000 0.400000
0.280000 0.240000
0.280000 0.323000
0.280000 0.317100
0.285000 0.000000
0.285000 0.400000
0.285000 0.335000
0.285000 0.324900
0.290000 0.400000
0.290000 0.290000
0.290000 0.325000
0.290000 0.335100
0.295000 0.400000
0.295000 0.330000
0.295000 0.346000
0.295000 0.340000
0.300000 0.400000
0.300000 0.430000
0.300000 0.353000
0.300000 0.333400
0.305000 0.500000
0.305000 0.380000
0.305000 0.337000
0.305000 0.349100
0.310000 0.400000
0.310000 0.290000
0.310000 0.356000
0.310000 0.358900
0.315000 0.400000
0.315000 0.260000
0.315000 0.345000
0.315000 0.357400
0.320000 0.600000
0.320000 0.330000
0.320000 0.354000
0.320000 0.361200
0.325000 0.600000
0.325000 0.320000
0.325000 0.347000
0.325000 0.363500
0.330000 0.500000
0.330000 0.440000
0.330000 0.379000
0.330000 0.368400
0.335000 0.200000
0.335000 0.370000
0.335000 0.360000
0.335000 0.367700
0.340000 0.400000
0.340000 0.290000
0.340000 0.365000
0.340000 0.376900
0.345000 0.200000
0.345000 0.430000
0.345000 0.383000
0.345000 0.380200
0.350000 0.600000
0.350000 0.330000
0.350000 0.394000
0.350000 0.388000
0.355000 0.700000
0.355000 0.350000
0.355000 0.400000
0.355000 0.399000
0.360000 0.100000
0.360000 0.400000
0.360000 0.379000
0.360000 0.391100
0.365000 0.300000
0.365000 0.370000
0.365000 0.393000
0.365000 0.396700
0.370000 0.400000
0.370000 0.410000
0.370000 0.372000
0.370000 0.409900
0.375000 0.100000
0.375000 0.380000
0.375000 0.399000
0.375000 0.406500
0.380000 0.300000
0.380000 0.410000
0.380000 0.419000
0.380000 0.408800
0.385000 0.300000
0.385000 0.300000
0.385000 0.453000
0.385000 0.406500
0.390000 0.500000
0.390000 0.380000
0.390000 0.401000
0.390000 0.418900
0.395000 0.400000
0.395000 0.460000
0.395000 0.406000
0.395000 0.411400
0.400000 0.800000
0.400000 0.400000
0.400000 0.419000
0.400000 0.418600
0.405000 0.500000
0.405000 0.500000
0.405000 0.460000
0.405000 0.430700
0.410000 0.300000
0.410000 0.430000
0.410000 0.442000
0.410000 0.437800
0.415000 0.600000
0.415000 0.460000
0.415000 0.445000
0.415000 0.443800
0.420000 0.400000
0.420000 0.510000
0.420000 0.443000
0.420000 0.434700
0.425000 0.600000
0.425000 0.430000
0.425000 0.439000
0.425000 0.451900
0.430000 0.500000
0.430000 0.470000
0.430000 0.447000
0.430000 0.443500
0.435000 0.300000
0.435000 0.470000
0.435000 0.460000
0.435000 0.446600
0.440000 0.500000
0.440000 0.440000
0.440000 0.438000
0.440000 0.454400
0.445000 0.400000
0.445000 0.510000
0.445000 0.470000
0.445000 0.456500
0.450000 0.400000
0.450000 0.460000
0.450000 0.449000
0.450000 0.462200
0.455000 0.700000
0.455000 0.490000
0.455000 0.468000
0.455000 0.468600
0.460000 0.500000
0.460000 0.510000
0.460000 0.471000
0.460000 0.464100
0.465000 0.300000
0.465000 0.510000
0.465000 0.488000
0.465000 0.482500
0.470000 0.400000
0.470000 0.430000
0.470000 0.478000
0.470000 0.472700
0.475000 0.300000
0.475000 0.480000
0.475000 0.512000
0.475000 0.481400
0.480000 0.200000
0.480000 0.390000
0.480000 0.469000
0.480000 0.478700
0.485000 0.800000
0.485000 0.520000
0.485000 0.492000
0.485000 0.483400
0.490000 0.800000
0.490000 0.440000
0.490000 0.482000
0.490000 0.493000
0.495000 0.400000
0.495000 0.450000
0.495000 0.488000
0.495000 0.502100
0.500000 0.300000
0.500000 0.410000
0.500000 0.496000
0.500000 0.505900
