0.005000 0.000000
0.010000 0.000000
0.015000 0.000000
0.020000 0.000000
0.025000 0.000000
0.030000 0.000000
0.035000 0.000000
0.040000 0.000000
0.045000 0.000000
0.050000 0.003000
0.055000 0.006000
0.060000 0.000000
0.065000 0.015000
0.070000 0.004000
0.075000 0.000000
0.080000 0.011000
0.085000 0.014000
0.090000 0.011000
0.095000 0.021000
0.100000 0.021000
0.105000 0.035000
0.110000 0.044000
0.115000 0.054000
0.120000 0.066000
0.125000 0.072000
0.130000 0.090000
0.135000 0.045000
0.140000 0.068000
0.145000 0.086000
0.150000 0.104000
0.155000 0.101000
0.160000 0.116000
0.165000 0.127000
0.170000 0.130000
0.175000 0.132000
0.180000 0.161000
0.185000 0.153000
0.190000 0.161000
0.195000 0.198000
0.200000 0.158000
0.205000 0.189000
0.210000 0.246000
0.215000 0.257000
0.220000 0.234000
0.225000 0.232000
0.230000 0.248000
0.235000 0.271000
0.240000 0.274000
0.245000 0.265000
0.250000 0.259000
0.255000 0.293000
0.260000 0.315000
0.265000 0.315000
0.270000 0.307000
0.275000 0.302000
0.280000 0.348000
0.285000 0.328000
0.290000 0.357000
0.295000 0.354000
0.300000 0.337000
0.305000 0.341000
0.310000 0.329000
0.315000 0.346000
0.320000 0.368000
0.325000 0.374000
0.330000 0.376000
0.335000 0.353000
0.340000 0.355000
0.345000 0.396000
0.350000 0.361000
0.355000 0.372000
0.360000 0.386000
0.365000 0.389000
0.370000 0.385000
0.375000 0.421000
0.380000 0.402000
0.385000 0.409000
0.390000 0.415000
0.395000 0.429000
0.400000 0.432000
0.405000 0.441000
0.410000 0.449000
0.415000 0.400000
0.420000 0.428000
0.425000 0.456000
0.430000 0.419000
0.435000 0.451000
0.440000 0.477000
0.445000 0.451000
0.450000 0.464000
0.455000 0.453000
0.460000 0.460000
0.465000 0.471000
0.470000 0.472000
0.475000 0.491000
0.480000 0.461000
0.485000 0.487000
0.490000 0.518000
0.495000 0.487000
0.500000 0.478000
