0.005000 0.000000
0.010000 0.000000
0.015000 0.000000
0.020000 0.000000
0.025000 0.000000
0.030000 0.000000
0.035000 0.000200
0.040000 0.001300
0.045000 0.001200
0.050000 0.002000
0.055000 0.002200
0.060000 0.003300
0.065000 0.002300
0.070000 0.003400
0.075000 0.014900
0.080000 0.011300
0.085000 0.016500
0.090000 0.019200
0.095000 0.023900
0.100000 0.025600
0.105000 0.030400
0.110000 0.032000
0.115000 0.042400
0.120000 0.048600
0.125000 0.059700
0.130000 0.065200
0.135000 0.072700
0.140000 0.077900
0.145000 0.078600
0.150000 0.096500
0.155000 0.109200
0.160000 0.109800
0.165000 0.114900
0.170000 0.130200
0.175000 0.148200
0.180000 0.151300
0.185000 0.164600
0.190000 0.177400
0.195000 0.188700
0.200000 0.195400
0.205000 0.203800
0.210000 0.215300
0.215000 0.217300
0.220000 0.229600
0.225000 0.233900
0.230000 0.257300
0.235000 0.260300
0.240000 0.258100
0.245000 0.265400
0.250000 0.285100
0.255000 0.270000
0.260000 0.301700
0.265000 0.296100
0.270000 0.314200
0.275000 0.304100
0.280000 0.319800
0.285000 0.325900
0.290000 0.327400
0.295000 0.333400
0.300000 0.343100
0.305000 0.347100
0.310000 0.348700
0.315000 0.358600
0.320000 0.352100
0.325000 0.364500
0.330000 0.368800
0.335000 0.373300
0.340000 0.373000
0.345000 0.381300
0.350000 0.387600
0.355000 0.383500
0.360000 0.385400
0.365000 0.399100
0.370000 0.399100
0.375000 0.400300
0.380000 0.413800
0.385000 0.422700
0.390000 0.419400
0.395000 0.419100
0.400000 0.417900
0.405000 0.426900
0.410000 0.440700
0.415000 0.433700
0.420000 0.437600
0.425000 0.445200
0.430000 0.440400
0.435000 0.457000
0.440000 0.454800
0.445000 0.457500
0.450000 0.465400
0.455000 0.458800
0.460000 0.470000
0.465000 0.471400
0.470000 0.475000
0.475000 0.480700
0.480000 0.485400
0.485000 0.481100
0.490000 0.485700
0.495000 0.507700
0.500000 0.495700
